[(283, 0.0), (160, 0.0), (304, 0.0), (75, 0.0), (356, 3.552145495879511e-05), (68, 0.00043687199650502403),
(434, 0.0009170487703209671), (113, 0.001610305958132045), (14, 0.002515591058790554),
(229, 0.0027548209366391185), (278, 0.0034488421744128758), (350, 0.0038461538461538464),
(25, 0.006042296072507553), (137, 0.009649329253942103), (389, 0.010082024470513679),
(336, 0.015200233849751535), (391, 0.015293493635077794), (116, 0.015578238033891587),
(195, 0.015950920245398775), (328, 0.016683279342138053), (150, 0.01819154628143392),
(84, 0.018963810627459502), (127, 0.019119351100811123), (465, 0.020637330251311217),
(293, 0.02201933404940924), (123, 0.02361459467133595), (205, 0.028110469212343243),
(327, 0.028846153846153848), (100, 0.031697076508397266), (198, 0.03175906321565916),
(360, 0.03199875833435727), (105, 0.032362459546925564), (383, 0.034867735888356594),
(146, 0.044111160123511246), (206, 0.044642857142857144), (284, 0.047058823529411764),
(421, 0.0487726584865736), (319, 0.05073394495412844), (286, 0.06043077501881114),
(428, 0.06183036583940468), (88, 0.08177966101694915), (419, 0.09411764705882353),
(83, 0.1062858253181774), (271, 0.10679611650485436), (218, 0.1068411011174707),
(420, 0.11312468951813213), (472, 0.14583333333333334), (109, 0.20372257523078768),
(262, 0.423841059602649), (442, 1.0)]


positionID:
[140, 57] 0.407142857143
[2134, 687] 0.321930646673
[9865, 2251] 0.228180435884
[12497, 2622] 0.209810354485
[1043, 200] 0.191754554171
[9974, 1781] 0.178564267094
[1781, 276] 0.154969118473
[139, 21] 0.151079136691
[1028, 143] 0.139105058366
[13401, 1841] 0.137377807626
[717, 87] 0.121338912134
[14083, 1678] 0.11915074913
[31843, 3724] 0.116948779952
[5855, 668] 0.114090520922
[4003, 426] 0.106420184861
[1652, 166] 0.100484261501
[2125, 205] 0.0964705882353
[1223, 108] 0.0883074407195
[481, 42] 0.0873180873181
[9997, 871] 0.0871261378414
[1544, 133] 0.0861398963731
[766, 65] 0.0848563968668
[3381, 285] 0.0842945874002
[700, 59] 0.0842857142857
[5551, 465] 0.0837686903261
[892, 72] 0.0807174887892
[1142, 92] 0.0805604203152
[2209, 177] 0.0801267541874